(805.688354,353.678772) - (808.628967,353.827301)
(870.914612,373.564301) - (874.552002,373.413239)
(308.755981,363.541534) - (315.357208,363.488251)
(223.177567,345.343842) - (224.358887,345.188660)
(367.602264,373.391632) - (370.512238,373.117462)
(854.000000,368.000000) - (855.187500,367.633118)
(204.196915,330.115387) - (205.499817,330.077332)
(777.000000,360.000000) - (778.027222,362.018097)
(701.888000,159.168533) - (700.109192,159.215622)
(438.503906,330.455048) - (441.404938,330.347137)
(752.845093,158.972855) - (751.442200,158.969116)
(368.631317,392.129089) - (371.643524,392.347687)
(324.000000,380.000000) - (328.171234,378.894501)
(438.418915,330.746277) - (441.355194,330.636414)
(325.000000,355.000000) - (325.852478,354.041443)
(75.235580,342.374695) - (84.792809,342.366180)
(402.000000,353.000000) - (405.656769,352.966125)
(323.000000,369.000000) - (325.563171,367.465576)
(170.133179,363.010986) - (172.607269,362.850922)
(433.170105,338.953064) - (436.808075,338.948730)
(191.810883,346.012512) - (193.954865,345.961121)
(336.635437,374.725952) - (337.981415,373.266479)
(498.000000,356.000000) - (499.698822,355.313812)
(169.000000,379.000000) - (171.594254,378.890778)
(402.155884,365.465668) - (405.847900,365.518616)
(379.243408,360.600220) - (381.734741,360.681702)
(308.757538,363.543671) - (315.358368,363.490234)
(39.275497,358.911194) - (48.652462,358.735260)
(486.000000,355.000000) - (487.798645,354.240204)
(437.000000,353.000000) - (440.209503,353.053436)
(525.722900,144.603745) - (521.037781,144.214325)
(381.000000,404.000000) - (383.941254,404.420868)
(407.821625,337.793610) - (410.952087,337.876892)
(360.000000,391.000000) - (363.014557,391.121796)
(421.000000,334.000000) - (424.266876,334.057800)
(379.230011,360.626099) - (381.720734,360.707214)
(191.773422,346.000854) - (193.917755,345.949127)
(170.160278,362.979126) - (172.632019,362.821625)
(75.222267,342.375305) - (84.779213,342.366608)
(202.761459,401.216187) - (204.277588,401.289948)
(483.000000,340.000000) - (484.001404,339.213409)
(407.806152,337.793427) - (410.932861,337.877533)
(451.455597,361.967285) - (448.036224,361.945282)
(514.000000,371.000000) - (515.991882,371.285339)
(413.000000,393.000000) - (417.087769,393.235748)
(51.000000,343.000000) - (60.263733,342.845062)
(220.000000,390.000000) - (221.513046,390.156647)
(146.010071,364.050354) - (155.593826,363.937866)
(194.000000,363.000000) - (195.821426,362.930725)
(426.676880,380.200470) - (431.140656,380.492310)
(263.397308,399.999725) - (264.808563,400.059540)
(311.000000,393.000000) - (315.880188,392.069641)
(210.000000,390.000000) - (211.547928,390.146851)
(171.797470,395.958008) - (174.031937,395.941559)
(355.000000,380.000000) - (357.867188,379.774933)
(401.806305,408.287598) - (405.845123,408.770538)
(266.000000,381.000000) - (267.865173,380.953552)
(236.000000,383.000000) - (237.561050,383.171997)
(248.000000,386.000000) - (249.617798,386.157959)
(406.354950,379.320374) - (410.373230,379.492767)
(870.916931,373.564270) - (874.554321,373.413330)
(293.000000,383.000000) - (296.833496,382.341797)
(228.000000,377.000000) - (229.534485,377.071503)
(451.483398,149.215271) - (446.741974,148.829544)
(523.182678,408.436340) - (528.450928,409.307190)
(336.771881,390.557495) - (338.781952,390.237152)
(506.700531,431.932495) - (511.791534,432.854126)
(250.000000,397.000000) - (251.536545,397.166504)
(242.000000,362.000000) - (243.994522,362.019714)
(407.830688,337.768738) - (410.959656,337.852844)
(789.000000,357.000000) - (792.943848,357.315521)
(198.000000,379.000000) - (199.586777,379.089844)
(503.141235,380.774261) - (508.542786,380.940521)
(454.682800,384.470856) - (459.684479,384.881775)
(401.762146,408.302032) - (405.799164,408.785767)
(46.552330,368.729584) - (56.004276,368.567810)
(135.000000,381.000000) - (144.489105,380.896606)
(502.000000,370.000000) - (507.553253,370.134979)
(60.000000,354.000000) - (69.449997,353.808960)
(179.000000,374.000000) - (181.255325,373.835999)
(521.000000,396.000000) - (526.822632,396.481873)
(373.000000,371.000000) - (375.923065,370.861450)
(385.000000,375.000000) - (388.047089,375.085449)
(468.732788,405.137177) - (473.820343,405.724518)
(223.179718,345.345398) - (224.361023,345.190338)
(495.430969,405.625031) - (500.920074,406.240784)
(52.000000,386.000000) - (61.191956,385.653870)
(386.000000,416.000000) - (389.259277,416.466156)
(427.000000,346.000000) - (430.365143,345.863190)
