(308.838440,363.493439) - (315.622223,363.492157)
(805.697815,353.753998) - (808.668762,353.900055)
(870.881531,373.530487) - (874.547852,373.362640)
(204.810486,329.794373) - (206.021317,329.763519)
(223.086945,345.336700) - (224.325531,345.170166)
(367.661987,372.978790) - (370.574677,372.763367)
(854.000000,368.000000) - (855.192688,367.628937)
(701.865234,159.159821) - (700.081726,159.216080)
(438.754303,327.925415) - (441.140289,327.703094)
(777.000000,360.000000) - (778.102112,361.911713)
(368.608643,392.244934) - (371.610626,392.445221)
(752.841187,159.002487) - (751.448486,159.012100)
(324.000000,380.000000) - (327.913879,378.811951)
(438.284119,330.664917) - (441.137573,330.547485)
(169.865921,363.152893) - (172.494690,362.978668)
(325.000000,355.000000) - (325.851532,354.074219)
(74.858292,342.378571) - (84.428780,342.353210)
(402.000000,353.000000) - (405.647430,352.988495)
(430.571045,338.590912) - (434.238373,338.620972)
(191.915955,345.713745) - (194.054565,345.678101)
(323.000000,369.000000) - (325.336945,367.452301)
(169.000000,379.000000) - (171.643143,378.822754)
(336.722931,374.308441) - (338.086456,373.023315)
(402.316071,365.581909) - (406.009338,365.662750)
(498.000000,357.000000) - (499.657227,356.385468)
(112.652130,345.005981) - (111.913918,344.214355)
(407.138397,337.797241) - (410.218353,337.860382)
(437.000000,353.000000) - (440.244293,353.058960)
(525.807007,144.762421) - (521.101929,144.304398)
(381.000000,404.000000) - (383.934448,404.422272)
(486.000000,355.000000) - (487.379059,354.260071)
(360.000000,391.000000) - (363.003540,391.102631)
(169.912659,363.129181) - (172.533829,362.956055)
(430.900452,338.614838) - (434.573944,338.641968)
(191.869858,345.714935) - (194.007660,345.679810)
(308.838470,363.493744) - (315.622467,363.492462)
(379.307831,360.483185) - (381.200073,360.584564)
(39.697788,358.428864) - (49.001293,358.257660)
(379.303497,360.470154) - (381.194702,360.571747)
(74.867287,342.379120) - (84.438126,342.353973)
(202.715637,401.298676) - (204.237991,401.371704)
(765.000000,369.000000) - (765.427490,370.989777)
(529.000000,392.000000) - (534.483887,392.141418)
(451.349640,362.136963) - (448.815125,362.109314)
(147.450134,364.550079) - (156.643677,364.440704)
(407.285797,337.846252) - (410.362152,337.906952)
(413.000000,393.000000) - (417.102661,393.231689)
(51.000000,343.000000) - (60.238029,342.838409)
(194.000000,362.000000) - (195.839005,361.926544)
(219.000000,390.000000) - (220.500168,390.150635)
(311.000000,393.000000) - (315.891113,392.090698)
(263.137054,399.857880) - (264.590881,399.911987)
(355.000000,380.000000) - (357.869324,379.818329)
(171.763992,396.252594) - (173.984558,396.240936)
(401.798523,408.393829) - (405.860107,408.888031)
(205.000000,387.000000) - (206.523605,387.078125)
(236.000000,383.000000) - (237.567322,383.164215)
(426.997192,380.122406) - (431.489960,380.418060)
(766.000000,347.000000) - (766.117859,347.994110)
(248.000000,386.000000) - (249.637283,386.154266)
(266.000000,381.000000) - (267.882263,380.942993)
(451.343414,149.186295) - (446.561707,148.798340)
(293.000000,383.000000) - (296.851532,382.357330)
(406.431610,379.239899) - (410.465424,379.415039)
(227.000000,377.000000) - (228.487595,377.063843)
(789.000000,357.000000) - (793.008667,357.287231)
(523.028931,408.127686) - (528.279785,408.960571)
(870.877380,373.530945) - (874.543518,373.362915)
(337.232880,390.570709) - (339.273712,390.243317)
(242.000000,362.000000) - (243.977646,362.019653)
(506.579956,431.845734) - (511.670105,432.769714)
(308.839081,363.494598) - (315.623047,363.493378)
(198.000000,379.000000) - (199.587967,379.095123)
(407.091461,337.846588) - (410.182465,337.907532)
(250.000000,397.000000) - (251.574417,397.163818)
(453.704193,380.838379) - (458.692810,381.272339)
(503.342407,380.498718) - (508.757202,380.656036)
(47.000000,371.000000) - (56.412247,370.877075)
(431.163239,338.631866) - (434.829651,338.659119)
(495.650970,405.595703) - (501.119354,406.219055)
(141.000000,384.000000) - (150.259384,383.517975)
(401.751404,408.411591) - (405.811035,408.908508)
(468.520264,405.055420) - (473.640533,405.656891)
(204.684387,329.872345) - (205.893692,329.840942)
(179.000000,374.000000) - (181.302582,373.802826)
(223.088333,345.337463) - (224.327057,345.170990)
(60.000000,354.000000) - (69.455811,353.801697)
(385.000000,375.000000) - (388.034698,375.085022)
(201.726013,362.802704) - (203.556641,362.720032)
(366.000000,368.000000) - (369.053162,367.735474)
(386.000000,416.000000) - (389.271179,416.468689)
(267.393188,364.104126) - (269.275391,363.584137)
