(871.083801,373.711243) - (874.394836,373.547974)
(805.803528,353.528778) - (808.578186,353.685028)
(308.791504,363.649841) - (315.131836,363.540192)
(367.732941,375.301147) - (370.574585,374.995331)
(854.000000,368.000000) - (855.323914,367.629517)
(777.000000,360.000000) - (778.350769,361.623260)
(701.927429,159.248749) - (700.158875,159.282257)
(204.501770,330.032776) - (205.728851,329.988525)
(438.523804,331.217224) - (441.550293,331.054443)
(379.105469,359.997589) - (381.765839,359.931244)
(368.656860,392.056915) - (371.680908,392.385406)
(752.796631,158.948898) - (751.380066,158.927353)
(325.000000,380.000000) - (329.762207,379.055573)
(75.749840,342.396851) - (85.298088,342.437958)
(444.742676,336.027832) - (448.220551,335.890900)
(385.437744,340.507050) - (386.969330,341.032471)
(323.000000,369.000000) - (325.787292,367.279297)
(325.000000,355.000000) - (325.838013,353.835846)
(402.000000,353.000000) - (405.677429,352.926361)
(429.457062,338.663361) - (433.052887,338.586182)
(192.566055,346.912170) - (194.658798,346.874451)
(39.473896,358.956848) - (48.939701,358.791718)
(336.400360,375.526093) - (338.047821,373.827759)
(498.000000,356.000000) - (499.454498,355.445648)
(169.000000,379.000000) - (171.422226,379.068298)
(429.456482,338.663483) - (433.052429,338.586273)
(378.421692,360.056946) - (380.914062,359.970184)
(401.949463,365.262054) - (405.681396,365.275299)
(762.693909,368.938538) - (763.608887,370.152802)
(308.793640,363.652374) - (315.134094,363.542755)
(381.000000,404.000000) - (383.956482,404.425385)
(486.000000,355.000000) - (489.184387,354.671112)
(75.749146,342.396820) - (85.297340,342.437866)
(437.000000,353.000000) - (440.409882,352.991455)
(360.000000,391.000000) - (363.002472,391.277771)
(171.148468,361.869415) - (173.349854,361.682617)
(525.657898,144.195389) - (521.059448,143.983154)
(408.425415,338.203644) - (411.587006,338.299011)
(202.889099,400.125366) - (204.400101,400.221710)
(408.220123,338.129944) - (411.378510,338.224274)
(509.000000,367.000000) - (510.233490,367.154327)
(483.000000,340.000000) - (484.061310,339.209503)
(215.756302,398.696442) - (217.185059,398.832062)
(192.534058,346.890106) - (194.626846,346.852478)
(51.000000,343.000000) - (60.304459,342.868805)
(194.000000,362.000000) - (195.848465,361.930328)
(172.541718,395.161957) - (174.806458,395.250946)
(413.000000,393.000000) - (417.091583,393.239838)
(451.343689,362.766968) - (454.065277,362.829041)
(531.163025,384.025269) - (532.829956,383.828033)
(312.000000,393.000000) - (316.897095,392.112793)
(427.256714,380.269928) - (431.713806,380.527496)
(264.184967,400.124359) - (265.606323,400.170258)
(145.637711,363.783234) - (155.357605,363.690338)
(266.000000,381.000000) - (267.841888,380.969757)
(206.000000,387.000000) - (207.517883,387.097595)
(455.000000,328.000000) - (457.218292,327.674774)
(401.534607,408.144257) - (405.561981,408.628357)
(871.113037,373.718781) - (874.421997,373.556183)
(355.000000,380.000000) - (357.828705,379.844452)
(236.000000,383.000000) - (237.438568,383.179260)
(248.000000,386.000000) - (249.581772,386.158417)
(250.000000,397.000000) - (251.536743,397.165924)
(252.000000,361.000000) - (253.790253,360.900909)
(293.000000,383.000000) - (296.674469,382.368591)
(406.395813,379.224823) - (410.430084,379.406128)
(794.000000,365.000000) - (798.293213,365.039185)
(408.008331,338.026642) - (411.176392,338.120087)
(143.000000,380.000000) - (152.551956,379.835358)
(198.000000,379.000000) - (199.620743,379.104340)
(334.769104,390.635162) - (337.264404,390.311920)
(60.000000,354.000000) - (69.428627,353.821442)
(507.729584,432.253357) - (512.813232,433.168976)
(308.789612,363.646423) - (315.129578,363.536865)
(401.535065,408.153625) - (405.562561,408.636963)
(384.000000,347.000000) - (385.731873,347.339355)
(451.657776,149.671356) - (447.423492,149.389297)
(522.770752,408.280396) - (527.979370,409.110352)
(242.000000,362.000000) - (244.015060,362.010498)
(48.000000,370.000000) - (57.546837,369.859802)
(171.080627,361.962708) - (173.288757,361.770447)
(453.944977,381.024353) - (458.932098,381.368927)
(367.741425,375.280426) - (370.583130,374.974152)
(66.000000,379.000000) - (75.453323,378.860535)
(52.000000,386.000000) - (61.351887,385.719879)
(268.077545,364.052734) - (269.864807,363.428528)
(135.000000,367.000000) - (144.528564,366.871246)
(385.000000,375.000000) - (388.077148,375.098602)
(183.000000,374.000000) - (185.002808,373.980255)
(503.130310,380.678986) - (508.589417,380.911835)
(159.451447,345.225861) - (161.460709,344.194580)
