(805.616211,353.681824) - (808.635620,353.819366)
(870.871643,373.559692) - (874.615173,373.426270)
(308.625977,363.531097) - (315.036957,363.415771)
(223.072906,345.136963) - (224.279236,344.967163)
(367.276489,373.331848) - (370.253601,373.006531)
(854.367981,368.544434) - (855.497131,368.239502)
(777.000000,360.000000) - (777.880371,362.194733)
(701.910217,159.155457) - (700.132996,159.200867)
(438.567505,330.735382) - (441.578857,330.660706)
(752.862122,158.943283) - (751.461121,158.947327)
(324.000000,380.000000) - (328.081665,378.879913)
(368.653778,392.031555) - (371.674591,392.203491)
(203.098007,330.323822) - (204.502548,330.290924)
(169.451660,363.281616) - (172.027603,363.155579)
(325.000000,355.000000) - (325.832886,354.098969)
(402.000000,353.000000) - (405.660980,352.956604)
(323.000000,369.000000) - (325.740570,367.631439)
(438.526215,330.747833) - (441.539429,330.672638)
(75.192017,342.377655) - (84.748810,342.370544)
(308.632446,363.536102) - (315.043213,363.420532)
(438.898621,339.478943) - (442.578735,339.550812)
(498.000000,356.000000) - (499.941589,355.099915)
(336.651672,375.461761) - (337.996674,374.034973)
(191.492172,345.879395) - (193.666763,345.824371)
(378.288696,361.546448) - (380.733185,361.620209)
(112.282387,344.561707) - (111.620514,343.807465)
(486.000000,355.000000) - (488.024200,354.060120)
(39.357014,359.013367) - (48.766830,358.828735)
(525.695068,144.599976) - (521.027710,144.219788)
(191.479065,345.859344) - (193.653732,345.805359)
(381.000000,404.000000) - (383.945007,404.418365)
(437.000000,353.000000) - (440.061554,353.076355)
(169.000000,379.000000) - (171.658859,378.832153)
(401.911743,365.329407) - (405.619751,365.374634)
(360.000000,391.000000) - (363.040985,391.045349)
(421.000000,334.000000) - (424.299377,334.167908)
(408.623322,337.740875) - (411.753784,337.863861)
(378.291992,361.634216) - (380.747528,361.708710)
(408.607086,337.718353) - (411.732758,337.842560)
(202.719193,401.637268) - (204.228912,401.702515)
(425.425690,380.221039) - (429.860107,380.512726)
(760.207031,367.658447) - (760.462036,369.737152)
(514.000000,371.000000) - (516.104004,371.367310)
(501.000000,345.000000) - (501.581451,343.897278)
(484.000000,342.000000) - (485.059387,340.800201)
(451.604797,361.646484) - (444.517303,361.743744)
(528.000000,388.000000) - (532.754578,388.141571)
(169.464920,363.276794) - (172.041794,363.151367)
(413.000000,393.000000) - (417.069458,393.237457)
(51.000000,343.000000) - (60.273262,342.844421)
(219.000000,390.000000) - (220.545212,390.160095)
(263.333801,400.315765) - (264.765411,400.369904)
(311.000000,393.000000) - (315.807709,392.059937)
(171.557388,396.294434) - (173.753525,396.241364)
(205.000000,387.000000) - (206.528809,387.098694)
(355.000000,380.000000) - (357.917267,379.677765)
(402.024872,408.222778) - (406.038666,408.709045)
(194.000000,363.000000) - (195.795380,362.912109)
(266.000000,381.000000) - (267.856384,380.959320)
(144.309570,363.343781) - (153.931107,363.220581)
(406.156464,379.722839) - (410.142487,379.907013)
(236.000000,383.000000) - (237.596497,383.179413)
(248.000000,386.000000) - (249.614670,386.162292)
(524.062683,410.499298) - (529.315979,411.452454)
(766.000000,347.000000) - (766.106934,348.004883)
(228.000000,377.000000) - (229.598648,377.088623)
(511.747437,286.984528) - (511.573486,289.090271)
(293.000000,383.000000) - (296.968475,382.297729)
(870.868591,373.559052) - (874.611938,373.425537)
(451.308411,149.121231) - (446.501740,148.723282)
(336.686615,390.528564) - (338.533661,390.203156)
(493.078827,304.293671) - (493.130707,306.191559)
(506.623749,431.974304) - (511.719299,432.893188)
(408.635437,337.730804) - (411.765900,337.854095)
(250.000000,397.000000) - (251.494598,397.170349)
(502.250641,385.190918) - (507.761871,385.550262)
(242.000000,362.000000) - (243.986603,362.023346)
(252.000000,362.000000) - (253.989883,361.915863)
(357.647949,368.291229) - (360.825378,367.900177)
(179.000000,374.000000) - (181.235077,373.859131)
(402.030334,408.231018) - (406.044281,408.717194)
(279.328857,396.608093) - (280.417542,396.515869)
(455.338470,385.771698) - (460.357452,386.190002)
(46.317451,369.583069) - (55.758064,369.440155)
(385.000000,375.000000) - (388.046844,375.086853)
(521.000000,396.000000) - (526.821838,396.463409)
(198.000000,379.000000) - (199.558655,379.069519)
(135.000000,381.000000) - (144.508316,380.880615)
(60.000000,354.000000) - (69.445839,353.813995)
(502.000000,370.000000) - (507.511902,370.082794)
(439.121613,339.431427) - (442.791626,339.501068)
(386.000000,416.000000) - (389.257355,416.464783)
(202.722107,401.641449) - (204.231827,401.706757)
(202.705856,363.872650) - (204.499573,363.780426)
(267.590729,363.874817) - (269.462524,363.329254)
(52.000000,386.000000) - (61.137489,385.651245)
(469.610504,405.186401) - (474.677338,405.776276)
